{
  "advancedEditorSelectedIdentifier" : "ProjectBrowser",
  "openSceneRelativePaths" : [
    "Materials\/GridMaterial.usda"
  ],
  "recentIdentifiers" : {
    "25C0CF06-A191-4EF6-94A5-95511DEC430F" : [

    ],
    "05974D2D-AE6E-4529-A205-D0E478CB2457" : [

    ],
    "C64C61B2-7B6F-470E-A4C2-E8FA10B3864A" : [

    ]
  },
  "sceneCameraHistory" : {
    "0E28A5F8-4B83-4D50-9A01-D5699888938F" : [
      {
        "date" : 732599826.366561,
        "title" : "Untitled",
        "transform" : [
          0.99999833,
          -9.931255e-09,
          -0.0018001053,
          0,
          -0.00013289851,
          0.997272,
          -0.07381393,
          0,
          0.0017952181,
          0.073813945,
          0.9972704,
          0,
          0.0008078374,
          0.041261137,
          0.464816,
          1
        ]
      },
      {
        "date" : 732599766.394801,
        "title" : "Untitled",
        "transform" : [
          0.99999994,
          0,
          -0,
          0,
          -0,
          0.8660254,
          -0.49999994,
          0,
          0,
          0.49999994,
          0.8660254,
          0,
          0,
          0.23224308,
          0.40225685,
          1
        ]
      }
    ],
    "9BB62D35-633F-49B6-A5F6-F5C48467D622" : [
      {
        "date" : 732927873.121781,
        "title" : "Untitled",
        "transform" : [
          0.99999994,
          0,
          -0,
          0,
          -0,
          0.8660254,
          -0.49999994,
          0,
          0,
          0.49999994,
          0.8660254,
          0,
          0,
          0.23224308,
          0.40225685,
          1
        ]
      }
    ],
    "18D197B0-A281-4A4A-9FD5-9E1F8C5B3624" : [
      {
        "date" : 732676746.787802,
        "title" : "Untitled",
        "transform" : [
          0.99999994,
          0,
          -0,
          0,
          -0,
          0.8660254,
          -0.49999994,
          0,
          0,
          0.49999994,
          0.8660254,
          0,
          -0.00032684632,
          0.30778915,
          0.43750045,
          1
        ]
      },
      {
        "date" : 732676584.823435,
        "title" : "Untitled",
        "transform" : [
          0.99999994,
          0,
          -0,
          0,
          -0,
          0.8660254,
          -0.49999994,
          0,
          0,
          0.49999994,
          0.8660254,
          0,
          0,
          0.23224308,
          0.40225685,
          1
        ]
      }
    ],
    "25C0CF06-A191-4EF6-94A5-95511DEC430F" : [
      {
        "date" : 732787188.428574,
        "title" : "Untitled",
        "transform" : [
          1,
          0,
          -0,
          0,
          -0,
          0.87606055,
          -0.4822011,
          0,
          0,
          0.4822011,
          0.87606055,
          0,
          -0.0003277659,
          0.42681336,
          0.6866901,
          1
        ]
      }
    ],
    "05974D2D-AE6E-4529-A205-D0E478CB2457" : [
      {
        "date" : 732928508.991138,
        "title" : "Untitled",
        "transform" : [
          0.99999994,
          0,
          -0,
          0,
          -0,
          0.8642592,
          -0.50304663,
          0,
          0,
          0.50304663,
          0.8642592,
          0,
          -0.0071002254,
          0.24645142,
          0.3081507,
          1
        ]
      },
      {
        "date" : 732927873.140079,
        "title" : "Untitled",
        "transform" : [
          0.99999994,
          0,
          -0,
          0,
          -0,
          0.8642593,
          -0.50304663,
          0,
          0,
          0.50304663,
          0.8642593,
          0,
          -0.0028638016,
          0.37762335,
          0.57942253,
          1
        ]
      }
    ],
    "AF09ED6F-1707-48FD-8720-65B998362C09" : [
      {
        "date" : 732599659.73345,
        "title" : "Untitled",
        "transform" : [
          0.99999994,
          0,
          -0,
          0,
          -0,
          0.86602443,
          -0.50000155,
          0,
          0,
          0.50000155,
          0.86602443,
          0,
          0,
          4.031891,
          4.866101,
          1
        ]
      }
    ],
    "C38C012F-0EDA-40F4-A663-EF4909932624" : [
      {
        "date" : 732787188.313515,
        "title" : "Untitled",
        "transform" : [
          1,
          0,
          -0,
          0,
          -0,
          0.8715235,
          -0.49035373,
          0,
          0,
          0.49035373,
          0.8715235,
          0,
          0,
          0.24812917,
          0.42977238,
          1
        ]
      }
    ],
    "C64C61B2-7B6F-470E-A4C2-E8FA10B3864A" : [
      {
        "date" : 732787941.900821,
        "title" : "Untitled",
        "transform" : [
          0.7516679,
          -8.290764e-08,
          0.6595418,
          0,
          0.430583,
          0.75748575,
          -0.49072757,
          0,
          -0.49959347,
          0.65285164,
          0.5693778,
          0,
          -0.078920245,
          0.12660813,
          0.090123944,
          1
        ]
      },
      {
        "date" : 732787875.154204,
        "title" : "Untitled",
        "transform" : [
          0.7516679,
          -4.3794888e-08,
          0.65954185,
          0,
          0.43058312,
          0.75748575,
          -0.49072763,
          0,
          -0.4995935,
          0.6528517,
          0.56937766,
          0,
          -0.06762606,
          0.10898111,
          0.0777957,
          1
        ]
      },
      {
        "date" : 732787851.789676,
        "title" : "Untitled",
        "transform" : [
          0.7516679,
          -4.3794888e-08,
          0.65954185,
          0,
          0.43058312,
          0.75748575,
          -0.49072763,
          0,
          -0.4995935,
          0.6528517,
          0.56937766,
          0,
          -0.21795438,
          0.34358683,
          0.24187075,
          1
        ]
      },
      {
        "date" : 732787843.783081,
        "title" : "Untitled",
        "transform" : [
          0.7516678,
          -1.9583284e-08,
          0.65954185,
          0,
          0.4305831,
          0.7574857,
          -0.49072763,
          0,
          -0.4995935,
          0.65285176,
          0.5693776,
          0,
          -0.06284334,
          0.09662221,
          0.066964306,
          1
        ]
      },
      {
        "date" : 732787839.275957,
        "title" : "Untitled",
        "transform" : [
          0.7516678,
          -1.9583284e-08,
          0.65954185,
          0,
          0.4305831,
          0.7574857,
          -0.49072763,
          0,
          -0.4995935,
          0.65285176,
          0.5693776,
          0,
          -0.04392392,
          0.068519816,
          0.04794686,
          1
        ]
      },
      {
        "date" : 732787835.668492,
        "title" : "Untitled",
        "transform" : [
          0.75166774,
          -3.646582e-09,
          0.65954196,
          0,
          0.4305832,
          0.7574856,
          -0.49072784,
          0,
          -0.4995936,
          0.6528518,
          0.56937766,
          0,
          -0.18258518,
          0.23872557,
          0.20821883,
          1
        ]
      },
      {
        "date" : 732787765.8949,
        "title" : "Untitled",
        "transform" : [
          1,
          0,
          0,
          0,
          0,
          0.7071069,
          -0.70710677,
          0,
          0,
          0.70710677,
          0.7071069,
          0,
          0,
          0.25855392,
          0.25855398,
          1
        ]
      },
      {
        "date" : 732787764.539299,
        "title" : "Untitled",
        "transform" : [
          1,
          0,
          0,
          0,
          0,
          0.7071069,
          -0.70710677,
          0,
          0,
          0.70710677,
          0.7071069,
          0,
          0,
          0.22412965,
          0.22412968,
          1
        ]
      },
      {
        "date" : 732787192.040923,
        "title" : "Untitled",
        "transform" : [
          0.99999994,
          0,
          -0,
          0,
          -0,
          0.8660254,
          -0.49999994,
          0,
          0,
          0.49999994,
          0.8660254,
          0,
          0,
          0.23224308,
          0.40225685,
          1
        ]
      }
    ],
    "F467DF61-3B8C-408A-B929-5F148D26B6F1" : [
      {
        "date" : 732931964.39612,
        "title" : "Untitled",
        "transform" : [
          1,
          0,
          -0,
          0,
          -0,
          0.8660254,
          -0.5,
          0,
          0,
          0.5,
          0.8660254,
          0,
          0,
          0.2322427,
          0.40225616,
          1
        ]
      }
    ]
  },
  "selectedSceneRelativePath" : "Untitled Scene.usda"
}