{
  "advancedEditorSelectedIdentifier" : "ProjectBrowser",
  "openSceneRelativePaths" : [
    "Materials\/GridMaterial.usda"
  ],
  "recentIdentifiers" : {
    "25C0CF06-A191-4EF6-94A5-95511DEC430F" : [

    ],
    "05974D2D-AE6E-4529-A205-D0E478CB2457" : [

    ],
    "C64C61B2-7B6F-470E-A4C2-E8FA10B3864A" : [

    ]
  },
  "sceneCameraHistory" : {
    "0E28A5F8-4B83-4D50-9A01-D5699888938F" : [
      {
        "date" : 732599826.366561,
        "title" : "Untitled",
        "transform" : [
          0.99999833,
          -9.931255e-09,
          -0.0018001053,
          0,
          -0.00013289851,
          0.997272,
          -0.07381393,
          0,
          0.0017952181,
          0.073813945,
          0.9972704,
          0,
          0.0008078374,
          0.041261137,
          0.464816,
          1
        ]
      },
      {
        "date" : 732599766.394801,
        "title" : "Untitled",
        "transform" : [
          0.99999994,
          0,
          -0,
          0,
          -0,
          0.8660254,
          -0.49999994,
          0,
          0,
          0.49999994,
          0.8660254,
          0,
          0,
          0.23224308,
          0.40225685,
          1
        ]
      }
    ],
    "9BB62D35-633F-49B6-A5F6-F5C48467D622" : [
      {
        "date" : 732927873.121781,
        "title" : "Untitled",
        "transform" : [
          0.99999994,
          0,
          -0,
          0,
          -0,
          0.8660254,
          -0.49999994,
          0,
          0,
          0.49999994,
          0.8660254,
          0,
          0,
          0.23224308,
          0.40225685,
          1
        ]
      }
    ],
    "18D197B0-A281-4A4A-9FD5-9E1F8C5B3624" : [
      {
        "date" : 732676746.787802,
        "title" : "Untitled",
        "transform" : [
          0.99999994,
          0,
          -0,
          0,
          -0,
          0.8660254,
          -0.49999994,
          0,
          0,
          0.49999994,
          0.8660254,
          0,
          -0.00032684632,
          0.30778915,
          0.43750045,
          1
        ]
      },
      {
        "date" : 732676584.823435,
        "title" : "Untitled",
        "transform" : [
          0.99999994,
          0,
          -0,
          0,
          -0,
          0.8660254,
          -0.49999994,
          0,
          0,
          0.49999994,
          0.8660254,
          0,
          0,
          0.23224308,
          0.40225685,
          1
        ]
      }
    ],
    "25C0CF06-A191-4EF6-94A5-95511DEC430F" : [
      {
        "date" : 732787188.428574,
        "title" : "Untitled",
        "transform" : [
          1,
          0,
          -0,
          0,
          -0,
          0.87606055,
          -0.4822011,
          0,
          0,
          0.4822011,
          0.87606055,
          0,
          -0.0003277659,
          0.42681336,
          0.6866901,
          1
        ]
      }
    ],
    "05974D2D-AE6E-4529-A205-D0E478CB2457" : [
      {
        "date" : 732928508.991138,
        "title" : "Untitled",
        "transform" : [
          0.99999994,
          0,
          -0,
          0,
          -0,
          0.8642592,
          -0.50304663,
          0,
          0,
          0.50304663,
          0.8642592,
          0,
          -0.0071002254,
          0.24645142,
          0.3081507,
          1
        ]
      },
      {
        "date" : 732927873.140079,
        "title" : "Untitled",
        "transform" : [
          0.99999994,
          0,
          -0,
          0,
          -0,
          0.8642593,
          -0.50304663,
          0,
          0,
          0.50304663,
          0.8642593,
          0,
          -0.0028638016,
          0.37762335,
          0.57942253,
          1
        ]
      }
    ],
    "AF09ED6F-1707-48FD-8720-65B998362C09" : [
      {
        "date" : 732599659.73345,
        "title" : "Untitled",
        "transform" : [
          0.99999994,
          0,
          -0,
          0,
          -0,
          0.86602443,
          -0.50000155,
          0,
          0,
          0.50000155,
          0.86602443,
          0,
          0,
          4.031891,
          4.866101,
          1
        ]
      }
    ],
    "C38C012F-0EDA-40F4-A663-EF4909932624" : [
      {
        "date" : 732787188.313515,
        "title" : "Untitled",
        "transform" : [
          1,
          0,
          -0,
          0,
          -0,
          0.8715235,
          -0.49035373,
          0,
          0,
          0.49035373,
          0.8715235,
          0,
          0,
          0.24812917,
          0.42977238,
          1
        ]
      }
    ],
    "C64C61B2-7B6F-470E-A4C2-E8FA10B3864A" : [
      {
        "date" : 732787941.900821,
        "title" : "Untitled",
        "transform" : [
          0.7516679,
          -8.290764e-08,
          0.6595418,
          0,
          0.430583,
          0.75748575,
          -0.49072757,
          0,
          -0.49959347,
          0.65285164,
          0.5693778,
          0,
          -0.078920245,
          0.12660813,
          0.090123944,
          1
        ]
      },
      {
        "date" : 732787875.154204,
        "title" : "Untitled",
        "transform" : [
          0.7516679,
          -4.3794888e-08,
          0.65954185,
          0,
          0.43058312,
          0.75748575,
          -0.49072763,
          0,
          -0.4995935,
          0.6528517,
          0.56937766,
          0,
          -0.06762606,
          0.10898111,
          0.0777957,
          1
        ]
      },
      {
        "date" : 732787851.789676,
        "title" : "Untitled",
        "transform" : [
          0.7516679,
          -4.3794888e-08,
          0.65954185,
          0,
          0.43058312,
          0.75748575,
          -0.49072763,
          0,
          -0.4995935,
          0.6528517,
          0.56937766,
          0,
          -0.21795438,
          0.34358683,
          0.24187075,
          1
        ]
      },
      {
        "date" : 732787843.783081,
        "title" : "Untitled",
        "transform" : [
          0.7516678,
          -1.9583284e-08,
          0.65954185,
          0,
          0.4305831,
          0.7574857,
          -0.49072763,
          0,
          -0.4995935,
          0.65285176,
          0.5693776,
          0,
          -0.06284334,
          0.09662221,
          0.066964306,
          1
        ]
      },
      {
        "date" : 732787839.275957,
        "title" : "Untitled",
        "transform" : [
          0.7516678,
          -1.9583284e-08,
          0.65954185,
          0,
          0.4305831,
          0.7574857,
          -0.49072763,
          0,
          -0.4995935,
          0.65285176,
          0.5693776,
          0,
          -0.04392392,
          0.068519816,
          0.04794686,
          1
        ]
      },
      {
        "date" : 732787835.668492,
        "title" : "Untitled",
        "transform" : [
          0.75166774,
          -3.646582e-09,
          0.65954196,
          0,
          0.4305832,
          0.7574856,
          -0.49072784,
          0,
          -0.4995936,
          0.6528518,
          0.56937766,
          0,
          -0.18258518,
          0.23872557,
          0.20821883,
          1
        ]
      },
      {
        "date" : 732787765.8949,
        "title" : "Untitled",
        "transform" : [
          1,
          0,
          0,
          0,
          0,
          0.7071069,
          -0.70710677,
          0,
          0,
          0.70710677,
          0.7071069,
          0,
          0,
          0.25855392,
          0.25855398,
          1
        ]
      },
      {
        "date" : 732787764.539299,
        "title" : "Untitled",
        "transform" : [
          1,
          0,
          0,
          0,
          0,
          0.7071069,
          -0.70710677,
          0,
          0,
          0.70710677,
          0.7071069,
          0,
          0,
          0.22412965,
          0.22412968,
          1
        ]
      },
      {
        "date" : 732787192.040923,
        "title" : "Untitled",
        "transform" : [
          0.99999994,
          0,
          -0,
          0,
          -0,
          0.8660254,
          -0.49999994,
          0,
          0,
          0.49999994,
          0.8660254,
          0,
          0,
          0.23224308,
          0.40225685,
          1
        ]
      }
    ],
    "F467DF61-3B8C-408A-B929-5F148D26B6F1" : [
      {
        "date" : 734080718.042853,
        "title" : "Untitled",
        "transform" : [
          0.9805426,
          9.754653e-08,
          0.19630596,
          0,
          0.109192334,
          0.83102435,
          -0.5454132,
          0,
          -0.16313513,
          0.5562361,
          0.81485486,
          0,
          -0.11587866,
          0.44664073,
          0.58058226,
          1
        ]
      },
      {
        "date" : 734080574.338282,
        "title" : "Untitled",
        "transform" : [
          0.9996528,
          1.0201381e-07,
          -0.026346702,
          0,
          -0.008201192,
          0.9503201,
          -0.31116626,
          0,
          0.02503774,
          0.31127435,
          0.9499902,
          0,
          0.018543191,
          0.27025688,
          0.69036865,
          1
        ]
      },
      {
        "date" : 734080521.175484,
        "title" : "Untitled",
        "transform" : [
          0.816073,
          1.0100818e-07,
          -0.5779488,
          0,
          -0.3812508,
          0.75156265,
          -0.53833205,
          0,
          0.43436468,
          0.6596617,
          0.61333007,
          0,
          0.30594248,
          0.5198942,
          0.43139395,
          1
        ]
      },
      {
        "date" : 734080505.34611,
        "title" : "Untitled",
        "transform" : [
          0.81607306,
          5.654343e-08,
          -0.57794887,
          0,
          -0.38125086,
          0.7515626,
          -0.5383321,
          0,
          0.4343647,
          0.65966177,
          0.61333,
          0,
          0.23274387,
          0.41787577,
          0.32692873,
          1
        ]
      },
      {
        "date" : 734080496.788268,
        "title" : "Untitled",
        "transform" : [
          0.98887473,
          5.8030505e-08,
          -0.14875045,
          0,
          -0.05252595,
          0.9355802,
          -0.3491856,
          0,
          0.13916793,
          0.35311407,
          0.9251717,
          0,
          0.078723006,
          0.2499933,
          0.5166995,
          1
        ]
      },
      {
        "date" : 734080493.808571,
        "title" : "Untitled",
        "transform" : [
          0.17761831,
          5.8305133e-08,
          -0.9840994,
          0,
          -0.42973956,
          0.8996154,
          -0.07756286,
          0,
          0.885311,
          0.43668306,
          0.15978827,
          0,
          0.49003792,
          0.2964608,
          0.087442175,
          1
        ]
      },
      {
        "date" : 734080490.582655,
        "title" : "Untitled",
        "transform" : [
          0.17761831,
          5.8305133e-08,
          -0.9840994,
          0,
          -0.42973956,
          0.8996154,
          -0.07756286,
          0,
          0.885311,
          0.43668306,
          0.15978827,
          0,
          0.24892874,
          0.12541178,
          0.043277375,
          1
        ]
      },
      {
        "date" : 734080396.928355,
        "title" : "Untitled",
        "transform" : [
          0.17761819,
          -1.4481122e-09,
          -0.98409957,
          0,
          -0.42973962,
          0.89961547,
          -0.077562846,
          0,
          0.885311,
          0.43668315,
          0.15978797,
          0,
          0.39638215,
          0.20398177,
          0.08850643,
          1
        ]
      },
      {
        "date" : 734080392.922931,
        "title" : "Untitled",
        "transform" : [
          0.8985835,
          -3.1372777e-10,
          -0.43880266,
          0,
          -0.2037211,
          0.8856958,
          -0.41718164,
          0,
          0.3886457,
          0.4642659,
          0.79587156,
          0,
          0.17360075,
          0.21629882,
          0.3717954,
          1
        ]
      },
      {
        "date" : 732931964.39612,
        "title" : "Untitled",
        "transform" : [
          1,
          0,
          -0,
          0,
          -0,
          0.8660254,
          -0.5,
          0,
          0,
          0.5,
          0.8660254,
          0,
          0,
          0.2322427,
          0.40225616,
          1
        ]
      }
    ]
  },
  "selectedSceneRelativePath" : "Untitled Scene.usda"
}